.03125, -0.03125, -0.03125, -0.03125, -0.03125, -0.03125, -0.03125, -0.03125, -0.03125, -0.03125, -0.03125, -0.03125, -0.03125, -0.03125, -0.03125, -0.03125, -0.03125, -0.03125, -0.03125, -0.03125, -0.03125, -0.03125, -0.03125, -0.03125, -0.03125, -0.03125, -0.03125, -0.03125, -0.03125, -0.03125, -0.03125, -0.03125, -0.03125, -0.03125, -0.03125, -0.03125, -0.03125, -0.03125, -0.03125, -0.03125, -0.03125, -0.03125, -0.03125, -0.03125, -0.03125, -0.03125, -0.03125, -0.03125, -0.03125, -0.03125, -0.03125, -0.03125, -0.03125, -0.03125, -0.03125, -0.03125, -0.03125, -0.03125, -0.03125, -0.03125, -0.03125, -0.03125, -0.03125, -0.03125, -0.03125, -0.03125, -0.03125, -0.03125, -0.03125, -0.03125]
Counter({(59, 97): 1, (-55, -125): 1, (58, -63): 1, (71, 76): 1, (-84, 11): 1, (79, -116): 1, (15, 5): 1, (-28, -54): 1, (23, 114): 1, (38, 5): 1, (-12, 122): 1, (45, -58): 1, (24, 52): 1, (-54, -50): 1, (32, 165): 1, (-62, 177): 1, (4, 42): 1, (36, -33): 1, (16, -65): 1, (1, 174): 1, (-20, 90): 1, (3, 25): 1, (-53, 112): 1, (68, -119): 1, (-59, 172): 1, (24, -140): 1, (9, -156): 1, (-82, -103): 1, (30, 92): 1, (61, 85): 1, (-52, -72): 1, (27, -168): 1, (-20, -104): 1, (-90, -32): 1, (-67, -86): 1, (-88, 127): 1, (-47, -131): 1, (-75, -68): 1, (-53, -133): 1, (29, -136): 1, (19, 92): 1, (-79, 98): 1, (1, 60): 1, (-44, -86): 1, (44, -12): 1, (12, -82): 1, (-77, -130): 1, (38, -71): 1, (-44, 29): 1, (47, -177): 1, (42, -72): 1, (-19, -104): 1, (19, -169): 1, (-7, 173): 1, (88, 66): 1, (-61, -77): 1, (9, 46): 1, (82, 175): 1, (-46, 162): 1, (-76, -68): 1, (-78, 73): 1, (-28, 75): 1, (-79, 105): 1, (-81, -67): 1, (-89, -22): 1, (-65, 125): 1, (34, 145): 1, (18, 126): 1, (-43, 163): 1, (-22, -94): 1, (-75, 69): 1, (-68, 152): 1, (-87, 120): 1, (-53, 52): 1, (-88, 124): 1, (-51, -85): 1, (6, 100): 1, (73, -159): 1, (-28, 114): 1, (-66, -113): 1, (51, 81): 1, (4, 125): 1, (68, -159): 1, (8, 94): 1, (80, 58): 1, (-70, -110): 1, (-88, -126): 1, (64, 4): 1, (-87, -137): 1, (-21, 17): 1, (85, 58): 1, (75, -106): 1, (78, -45): 1, (-22, -166): 1, (76, -170): 1, (-85, 9): 1, (-71, 109): 1, (72, -53): 1, (-14, -141): 1, (84, -112): 1, (7, -128): 1, (-55, 141): 1, (31, -179): 1, (-50, -142): 1, (32, 88): 1, (21, 110): 1, (-25, -2): 1, (-31, -96): 1, (-88, 63): 1, (17, -28): 1, (-63, -132): 1, (45, 53): 1, (27, 166): 1, (51, -152): 1, (-58, 18): 1, (-76, 84): 1, (-87, 147): 1, (60, 159): 1, (35, 149): 1, (87, -126): 1, (52, -153): 1, (-62, 124): 1, (-13, -92): 1, (-21, 3): 1, (-11, 112): 1, (55, 31): 1, (53, -106): 1, (48, 104): 1, (61, 97): 1, (-79, -1): 1, (-18, 33): 1, (27, -84): 1, (70, 71): 1, (-40, -83): 1, (-62, -133): 1, (6, 76): 1, (-64, -110): 1, (-7, 46): 1, (64, 35): 1, (14, 7): 1, (39, 94): 1, (15, -4): 1, (-15, -19): 1, (-12, 92): 1, (-46, 131): 1, (-52, -166): 1, (-57, -77): 1, (-11, 19): 1, (35, -57): 1, (-5, -117): 1, (-33, -26): 1, (45, 59): 1, (-89, -21): 1, (-62, 95): 1, (26, 12): 1, (47, 11): 1, (-38, 19): 1, (-45, 25): 1, (25, -179): 1, (26, 0): 1, (10, 30): 1, (-18, -160): 1, (-90, 163): 1, (6, 55): 1, (-61, -50): 1, (7, -146): 1, (68, -115): 1, (66, 97): 1, (-11, -17): 1, (-17, -25): 1, (-55, 110): 1, (-41, 178): 1, (6, -71): 1, (39, 109): 1, (77, -133): 1, (-55, 134): 1, (53, 169): 1, (-6, 178): 1, (-75, 71): 1, (37, 138): 1, (-79, -176): 1, (2, 19): 1, (22, -56): 1, (-13, 105): 1, (24, 70): 1, (-35, 37): 1, (-43, -46): 1, (89, -6): 1, (44, -97): 1, (70, -15): 1, (-16, 90): 1, (35, 170): 1, (-10, -156): 1, (7, -47): 1, (-54, -101): 1, (89, -160): 1, (14, -167): 1, (-73, 27): 1, (-39, 155): 1, (27, -33): 1, (59, 166): 1, (7, 138): 1, (22, 62): 1, (66, 142): 1, (1, 157): 1, (8, -89): 1, (11, 80): 1, (-61, -81): 1, (-70, -91): 1, (-40, -178): 1, (46, 172): 1, (70, -65): 1, (-76, 34): 1, (-45, -51): 1, (57, -40): 1, (41, -64): 1, (57, 120): 1, (-4, 153): 1, (67, -107): 1, (-51, 19): 1, (10, 40): 1, (27, 121): 1, (69, -98): 1, (-8, -122): 1, (30, 31): 1, (66, -31): 1, (5, -121): 1, (-19, 162): 1, (88, -91): 1, (11, -63): 1, (11, -26): 1, (-66, 155): 1, (8, -17): 1, (-84, 126): 1, (-54, -126): 1, (42, 67): 1, (-53, -105): 1, (-68, 34): 1, (-61, -118): 1, (-33, -89): 1, (16, -140): 1, (16, -66): 1, (73, -15): 1, (44, 74): 1, (48, -78): 1, (72, 22): 1, (59, -8): 1, (62, 100): 1, (-82, -121): 1, (2, 118): 1, (-53, -127): 1, (50, -124): 1, (-12, -127): 1, (14, 22): 1, (-46, -89): 1, (66, 131): 1})    
[(59, 97), (-55, -125), (58, -63), (71, 76), (-84, 11), (79, -116), (15, 5), (-28, -54), (23, 114), (38, 5), (-12, 122), (45, -58), (24, 52), (-54, -50), (32, 165), (-62, 177), (4, 42), (36, -33), (16, -65), (1, 174), (-20, 90), (3, 25), (-53, 112), (68, -119), (-59, 172), (24, -140), (9, -156), (-82, -103), (30, 92), (61, 85), (-52, -72), (27, -168), (-20, -104), (-90, -32), (-67, -86), (-88, 127), (-47, -131), (-75, -68), (-53, -133), (29, -136), (19, 92), (-79, 98), (1, 60), (-44, -86), (44, -12), (12, -82), (-77, -130), (38, -71), (-44, 29), (47, -177), (42, -72), (-19, -104), (19, -169), (-7, 173), (88, 66), (-61, -77), (9, 46), (82, 175), (-46, 162), (-76, -68), (-78, 73), (-28, 75), (-79, 105), (-81, -67), (-89, -22), (-65, 125), (34, 145), (18, 126), (-43, 163), (-22, -94), (-75, 69), (-68, 152), (-87, 120), (-53, 52), (-88, 124), (-51, -85), (6, 100), (73, -159), (-28, 114), (-66, -113), (51, 81), (4, 125), (68, -159), (8, 94), (80, 58), (-70, -110), (-88, -126), (64, 4), (-87, -137), (-21, 17), (85, 58), (75, -106), (78, -45), (-22, -166), (76, -170), (-85, 9), (-71, 109), (72, -53), (-14, -141), (84, -112), (7, -128), (-55, 141), (31, -179), (-50, -142), (32, 88), (21, 110), (-25, -2), (-31, -96), (-88, 63), (17, -28), (-63, -132), (45, 53), (27, 166), (51, -152), (-58, 18), (-76, 84), (-87, 147), (60, 159), (35, 149), (87, -126), (52, -153), (-62, 124), (-13, -92), (-21, 3), (-11, 112), (55, 31), (53, -106), (48, 104), (61, 97), (-79, -1), (-18, 33), (27, -84), (70, 71), (-40, -83), (-62, -133), (6, 76), (-64, -110), (-7, 46), (64, 35), (14, 7), (39, 94), (15, -4), (-15, -19), (-12, 92), (-46, 131), (-52, -166), (-57, -77), (-11, 19), (35, -57), (-5, -117), (-33, -26), (45, 59), (-89, -21), (-62, 95), (26, 12), (47, 11), (-38, 19), (-45, 25), (25, -179), (26, 0), (10, 30), (-18, -160), (-90, 163), (6, 55), (-61, -50), (7, -146), (68, -115), (66, 97), (-11, -17), (-17, -25), (-55, 110), (-41, 178), (6, -71), (39, 109), (77, -133), (-55, 134), (53, 169), (-6, 178), (-75, 71), (37, 138), (-79, -176), (2, 19), (22, -56), (-13, 105), (24, 70), (-35, 37), (-43, -46), (89, -6), (44, -97), (70, -15), (-16, 90), (35, 170), (-10, -156), (7, -47), (-54, -101), (89, -160), (14, -167), (-73, 27), (-39, 155), (27, -33), (59, 166), (7, 138), (22, 62), (66, 142), (1, 157), (8, -89), (11, 80), (-61, -81), (-70, -91), (-40, -178), (46, 172), (70, -65), (-76, 34), (-45, -51), (57, -40), (41, -64), (57, 120), (-4, 153), (67, -107), (-51, 19), (10, 40), (27, 121), (69, -98), (-8, -122), (30, 31), (66, -31), (5, -121), (-19, 162), (88, -91), (11, -63), (11, -26), (-66, 155), (8, -17), (-84, 126), (-54, -126), (42, 67), (-53, -105), (-68, 34), (-61, -118), (-33, -89), (16, -140), (16, -66), (73, -15), (44, 74), (48, -78), (72, 22), (59, -8), (62, 100), (-82, -121), (2, 118), (-53, -127), (50, -124), (-12, -127), (14, 22), (-46, -89), (66, 131)]
['9MFV2222+22', '34QQ2222+22', '97CV2222+22', 'CJ3R2222+22', '2F8H2222+22', 'C5F62222+22', '7F772222+22', '58482222+22', '7PMP2222+22', '8FC72222+22', '5QW42222+22', '88Q42222+22', '7HPJ2222+22', '38RG2222+22', '8V472222+22', '3VCV2222+22', '6HP42222+22', '89892222+22', '778Q2222+22', '6VHP2222+22', '5MGG2222+22', '6GM72222+22', '3PVJ2222+22', '95W32222+22', '3VHJ2222+22', '74P22222+22', '63X62222+22', '25CV2222+22', '8M2J2222+22', '9MH72222+22', '37WC2222+22', '72VJ2222+22', '55GR2222+22', '292C2222+22', '365P2222+22', '2Q492222+22', '445F2222+22', '27QJ2222+22', '34V92222+22', '74X62222+22', '7MFJ2222+22', '2MHW2222+22', '6JH22222+22', '468P2222+22', '8CPC2222+22', '764W2222+22', '24MG2222+22', '87CF2222+22', '4G8F2222+22', '82V52222+22', '87JC2222+22', '55HR2222+22', '72FH2222+22', '6V5M2222+22', 'CJW82222+22', '37F52222+22', '6HX82222+22', 'CVJQ2222+22', '4V642222+22', '27PJ2222+22', '2JJM2222+22', '5J4Q2222+22', '2PH72222+22', '27FM2222+22', '293W2222+22', '3Q772222+22', '8R672222+22', '7QC82222+22', '4V952222+22', '56C82222+22', '2JQF2222+22', '3R4J2222+22', '2Q522222+22', '3HVJ2222+22', '2Q462222+22', '36XQ2222+22', '6PR22222+22', 'C3532222+22', '5P4P2222+22', '35692222+22', '9M332222+22', '6QP72222+22', '93W32222+22', '6MWP2222+22', 'CHGW2222+22', '352G2222+22', '244P2222+22', '9FP62222+22', '24552222+22', '5FFV2222+22', 'CHQW2222+22', 'C57P2222+22', 'C8CQ2222+22', '52CP2222+22', 'C28G2222+22', '2F7F2222+22', '2PXF2222+22', 'C8492222+22', '53RX2222+22', 'C5PC2222+22', '64VJ2222+22', '3RQ32222+22', '82332222+22', '432W2222+22', '8M4C2222+22', '7PHG2222+22', '5C7W2222+22', '46X62222+22', '2J452222+22', '799J2222+22', '349C2222+22', '8HQM2222+22', '7VV82222+22', '933C2222+22', '3FJW2222+22', '2MP62222+22', '2R592222+22', '9RGX2222+22', '8R7F2222+22', 'C4VP2222+22', '93492222+22', '3QC62222+22', '56VC2222+22', '5FF52222+22', '5PXJ2222+22', '9G7H2222+22', '955P2222+22', '8PW62222+22', '9MHV2222+22', '2CHX2222+22', '5GJM2222+22', '76VR2222+22', 'CJ2H2222+22', '46GV2222+22', '34C92222+22', '6JRR2222+22', '358G2222+22', '6H582222+22', '9GPQ2222+22', '7F692222+22', '8MFP2222+22', '7C7R2222+22', '5CQ32222+22', '5MWJ2222+22', '4Q6H2222+22', '32WP2222+22', '37M52222+22', '5FXX2222+22', '88752222+22', '65752222+22', '49VP2222+22', '8HQX2222+22', '293X2222+22', '3MCQ2222+22', '7FRJ2222+22', '8FVH2222+22', '4FJX2222+22', '4G772222+22', '72Q32222+22', '7FR22222+22', '7G2G2222+22', '53J22222+22', '2V252222+22', '6HRQ2222+22', '38FG2222+22', '63VP2222+22', '95W72222+22', '9MRV2222+22', '5CX52222+22', '59MQ2222+22', '3PQG2222+22', '4VFW2222+22', '67RF2222+22', '8PFF2222+22', 'C4992222+22', '3QQP2222+22', '9V5F2222+22', '6V6W2222+22', '2JQH2222+22', '8Q9W2222+22', '22H62222+22', '6FJX2222+22', '78J62222+22', '5PV72222+22', '7JPG2222+22', '4GQV2222+22', '489P2222+22', 'CCXP2222+22', '86P52222+22', 'CC272222+22', '5MPG2222+22', '8V7G2222+22', '63262222+22', '68VM2222+22', '35RX2222+22', 'C3X22222+22', '726M2222+22', '2GV92222+22', '4RHQ2222+22', '79V92222+22', '9VF82222+22', '6QVW2222+22', '7JJ42222+22', '9RR42222+22', '6RHV2222+22', '66WH2222+22', '7M322222+22', '36FX2222+22', '362F2222+22', '42G42222+22', '8VRJ2222+22', 'C72Q2222+22', '2GPP2222+22', '487F2222+22', '99922222+22', '87HR2222+22', '9Q922222+22', '6R8M2222+22', '95VM2222+22', '3FXX2222+22', '7H222222+22', '7QV32222+22', '96X42222+22', '644W2222+22', '8G2H2222+22', '99RF2222+22', '64QX2222+22', '5VH42222+22', 'C6WF2222+22', '773V2222+22', '793P2222+22', '3R6Q2222+22', '6CW52222+22', '2Q882222+22', '34RP2222+22', '8JJ92222+22', '35VQ2222+22', '3G4P2222+22', '35F42222+22', '46VH2222+22', '74822222+22', '778P2222+22', 'CC572222+22', '8JPP2222+22', '87W42222+22', 'CG442222+22', '9CFJ2222+22', '9PJ22222+22', '24CX2222+22', '6PJW2222+22', '34VM2222+22', '942R2222+22', '54WM2222+22', '7G642222+22', '466H2222+22', '9QRH2222+22']
8.0
8.0
256
PS C:\Users\janin\Documents\University\UCL\Bonus\Entropy oracle> & C:\Users\janin\AppData\Local\Programs\Python\Python314\python.exe "c:/Users/janin/Documents/University/UCL/Bonus/Entropy oracle/one_step.py"
Counter({'6MJC2222+22': 2, 'C8V42222+22': 1, '5JH92222+22': 1, '295M2222+22': 1, '4P4P2222+22': 1, '4F8Q2222+22': 1, '69F82222+22': 1, '263W2222+22': 1, '7FRQ2222+22': 1, '5RXM2222+22': 1, '943H2222+22': 1, '42GX2222+22': 1, 'C2JR2222+22': 1, '8FC72222+22': 1, '7G3J2222+22': 1, '7PV32222+22': 1, '69J42222+22': 1, '366M2222+22': 1, '2G7M2222+22': 1, '97272222+22': 1, '36GV2222+22': 1, '2M4W2222+22': 1, 'CRGW2222+22': 1, '45FV2222+22': 1, '8JQ72222+22': 1, '285M2222+22': 1, '749X2222+22': 1, '2GWV2222+22': 1, '97422222+22': 1, '996R2222+22': 1, '63W22222+22': 1, '35F62222+22': 1, '28HG2222+22': 1, '8QCJ2222+22': 1, 'CGXF2222+22': 1, '7H772222+22': 1, '9QQW2222+22': 1, '924F2222+22': 1, '4VMV2222+22': 1, '8J862222+22': 1, '75Q32222+22': 1, '98VX2222+22': 1, '4C6F2222+22': 1, '48V62222+22': 1, '9H2C2222+22': 1, '7M292222+22': 1, '643G2222+22': 1, '3R2P2222+22': 1, '8J4G2222+22': 1, '392R2222+22': 1, 'CJ3F2222+22': 1, '56F22222+22': 1, '5CRJ2222+22': 1, '987M2222+22': 1, '4HG92222+22': 1, '946W2222+22': 1, '5M822222+22': 1, '7F7R2222+22': 1, 'C6WX2222+22': 1, '22FR2222+22': 1, '5H5W2222+22': 1, '9J7X2222+22': 1, 'C7WJ2222+22': 1, '8MVR2222+22': 1, '462F2222+22': 1, '8JJ32222+22': 1, '6P982222+22': 1, '65M32222+22': 1, 'CCHP2222+22': 1, '82GJ2222+22': 1, '568R2222+22': 1, '5M552222+22': 1, 'CGGC2222+22': 1, '5JH32222+22': 1, '77R42222+22': 1, '6P8W2222+22': 1, 'CF372222+22': 1, '3RRR2222+22': 1, '7V4R2222+22': 1, '9HQR2222+22': 1, '2PRP2222+22': 1, '26MX2222+22': 1, '68V82222+22': 1, '89652222+22': 1, '7Q3F2222+22': 1, '97C22222+22': 1, '824H2222+22': 1, '9MXH2222+22': 1, '7PRJ2222+22': 1, '686P2222+22': 1, '44Q62222+22': 1, '6FQM2222+22': 1, '5CMX2222+22': 1, '98272222+22': 1, '3CRJ2222+22': 1, '4JWF2222+22': 1, '834H2222+22': 1, '5QXH2222+22': 1, 'C6HW2222+22': 1, '75RG2222+22': 1, '387Q2222+22': 1, '375X2222+22': 1, '84P52222+22': 1, '9CQF2222+22': 1, '24W42222+22': 1, '8VC42222+22': 1, '8V5J2222+22': 1, '3G932222+22': 1, '653R2222+22': 1, '57852222+22': 1, '4HRJ2222+22': 1, '482F2222+22': 1, '6MMF2222+22': 1, '2RJV2222+22': 1, '8FXF2222+22': 1, '32RQ2222+22': 1, '96852222+22': 1, 'CJXV2222+22': 1, '5Q652222+22': 1, '663G2222+22': 1, 'C8432222+22': 1, '74RH2222+22': 1, 'CH222222+22': 1, '8C652222+22': 1, '33XG2222+22': 1, '8JVX2222+22': 1, 'C97V2222+22': 1, 'C7P42222+22': 1, '9FCC2222+22': 1, '64JG2222+22': 1, '7PV92222+22': 1, '3HV82222+22': 1, '3VH92222+22': 1, '4M6F2222+22': 1, '3FCC2222+22': 1, '664F2222+22': 1, 'CR772222+22': 1, '259R2222+22': 1, 'C2J82222+22': 1, '8J382222+22': 1, '77442222+22': 1, '839P2222+22': 1, '8V9F2222+22': 1, '2RP42222+22': 1, '6HPG2222+22': 1, 'C3P92222+22': 1, '23F32222+22': 1, '7V852222+22': 1, '2Q8J2222+22': 1, '2FRW2222+22': 1, '56QM2222+22': 1, '4GHX2222+22': 1, 'CP262222+22': 1, '82QM2222+22': 1, '7G472222+22': 1, '59XF2222+22': 1, '7RC42222+22': 1, '86FW2222+22': 1, '39C72222+22': 1, '77842222+22': 1, 'CVVV2222+22': 1, '96652222+22': 1, '2C7F2222+22': 1, '3Q5V2222+22': 1, '8CQR2222+22': 1, '8V522222+22': 1, '5GW62222+22': 1, '473Q2222+22': 1, '3CX92222+22': 1, 'C3932222+22': 1, '7JWP2222+22': 1, '8QCW2222+22': 1, 'CMR62222+22': 1, '2GQM2222+22': 1, '8M2P2222+22': 1, '86QG2222+22': 1, 'CFXHX2X2+X2': 1, '69M72222+22': 1, '59FM2222+22': 1, 'C6592222+22': 1, '5QJR2222+22': 1, '6J332222+22': 1, 'CCFR2222+22': 1, '4V572222+22': 1, '928H2222+22': 1, '8F4G2222+22': 1, '77V92222+22': 1, 'C9QH2222+22': 1, '3PQ42222+22': 1, '5J8J2222+22': 1, '3RX92222+22': 1, '49572222+22': 1, 'CJ4G2222+22': 1, '8HH22222+22': 1, '6J942222+22': 1, '52H32222+22': 1, '9RFF2222+22': 1, '86VQ2222+22': 1, '2JQ82222+22': 1, '6MJF2222+22': 1, '855M2222+22': 1, '84VV2222+22': 1, '4FF72222+22': 1, '8RWP2222+22': 1, '9GX52222+22': 1, '97362222+22': 1, '4Q272222+22': 1, '5VX32222+22': 1, 'CV772222+22': 1, '9H6W2222+22': 1, '9R552222+22': 1, '24X62222+22': 1, '6F882222+22': 1, '7R3F2222+22': 1, '5G762222+22': 1, '5J4M2222+22': 1, '88XW2222+22': 1, '38Q42222+22': 1, 'C4562222+22': 1, '2R472222+22': 1, 'CC4G2222+22': 1, '7VMG2222+22': 1, '7HRJ2222+22': 1, '67MP2222+22': 1, '982J2222+22': 1, '76GR2222+22': 1, '92GX2222+22': 1, '37C52222+22': 1, '6J7H2222+22': 1, '33MV2222+22': 1, '68CH2222+22': 1, '45WC2222+22': 1, '28R62222+22': 1, '36FP2222+22': 1, '787J2222+22': 1, '3J2Q2222+22': 1, '24V22222+22': 1, '29WC2222+22': 1, '7VP32222+22': 1, '62VX2222+22': 1, '59Q92222+22': 1, '398P2222+22': 1, '8GW82222+22': 1, '2VVR2222+22': 1, '9VRG2222+22': 1, '2G4P2222+22': 1, '7RG92222+22': 1, '7FMM2222+22': 1, '9GW62222+22': 1, '9QRJ2222+22': 1, '43232222+22': 1, '2CJR2222+22': 1, '3M9X2222+22': 1, '3P382222+22': 1, '3VGR2222+22': 1})       
[0.00390625, 0.00390625, 0.00390625, 0.00390625, 0.00390625, 0.00390625, 0.00390625, 0.00390625, 0.00390625, 0.00390625, 0.00390625, 0.00390625, 0.00390625, 0.00390625, 0.00390625, 0.00390625, 0.00390625, 0.00390625, 0.00390625, 0.00390625, 0.00390625, 0.00390625, 0.00390625, 0.00390625, 0.00390625, 0.00390625, 0.00390625, 0.00390625, 0.00390625, 0.00390625, 0.00390625, 0.00390625, 0.00390625, 0.00390625, 0.00390625, 0.00390625, 0.00390625, 0.00390625, 0.00390625, 0.00390625, 0.00390625, 0.00390625, 0.00390625, 0.00390625, 0.00390625, 0.00390625, 0.00390625, 0.00390625, 0.00390625, 0.00390625, 0.00390625, 0.00390625, 0.00390625, 0.00390625, 0.00390625, 0.00390625, 0.00390625, 0.0078125, 0.00390625, 0.00390625, 0.00390625, 0.00390625, 0.00390625, 0.00390625, 0.00390625, 0.00390625, 0.00390625, 0.00390625, 0.00390625, 0.00390625, 0.00390625, 0.00390625, 0.00390625, 0.00390625, 0.00390625, 0.00390625, 0.00390625, 0.00390625, 0.00390625, 0.00390625, 0.00390625, 0.00390625, 0.00390625, 0.00390625, 0.00390625, 0.00390625, 0.00390625, 0.00390625, 0.00390625, 0.0078125, 0.00390625, 0.00390625, 0.00390625, 0.00390625, 0.00390625, 0.00390625, 0.00390625, 0.00390625, 0.00390625, 0.00390625, 0.00390625, 0.00390625, 0.00390625, 0.00390625, 0.00390625, 0.00390625, 0.00390625, 0.00390625, 0.00390625, 0.00390625, 0.00390625, 0.00390625, 0.00390625, 0.00390625, 0.00390625, 0.00390625, 0.00390625, 0.00390625, 0.00390625, 0.00390625, 0.00390625, 0.00390625, 0.00390625, 0.00390625, 0.00390625, 0.00390625, 0.00390625, 0.00390625, 0.00390625, 0.00390625, 0.00390625, 0.00390625, 0.00390625, 0.00390625, 0.00390625, 0.00390625, 0.00390625, 0.00390625, 0.00390625, 0.00390625, 0.00390625, 0.00390625, 0.00390625, 0.00390625, 0.00390625, 0.00390625, 0.00390625, 0.00390625, 0.00390625, 0.00390625, 0.00390625, 0.00390625, 0.00390625, 0.00390625, 0.00390625, 0.00390625, 0.00390625, 0.00390625, 0.00390625, 0.00390625, 0.00390625, 0.00390625, 0.00390625, 0.00390625, 0.00390625, 0.00390625, 0.00390625, 0.00390625, 0.00390625, 0.00390625, 0.00390625, 0.00390625, 0.00390625, 0.00390625, 0.00390625, 0.00390625, 0.00390625, 0.00390625, 0.00390625, 0.00390625, 0.00390625, 0.00390625, 0.00390625, 0.00390625, 0.00390625, 0.00390625, 0.00390625, 0.00390625, 0.00390625, 0.00390625, 0.00390625, 0.00390625, 0.00390625, 0.00390625, 0.00390625, 0.00390625, 0.00390625, 0.00390625, 0.00390625, 0.00390625, 0.00390625, 0.00390625, 0.00390625, 0.00390625, 0.00390625, 0.00390625, 0.00390625, 0.00390625, 0.00390625, 0.00390625, 0.00390625, 0.00390625, 0.00390625, 0.00390625, 0.00390625, 0.00390625, 0.00390625, 0.00390625, 0.00390625, 0.00390625, 0.00390625, 0.00390625, 0.00390625, 0.00390625, 0.00390625, 0.00390625, 0.00390625, 0.00390625, 0.00390625, 0.00390625, 0.00390625, 0.00390625, 0.00390625, 0.00390625, 0.00390625, 0.00390625, 0.00390625, 0.00390625, 0.00390625, 0.00390625, 0.00390625, 0.00390625, 0.00390625, 0.00390625, 0.00390625, 0.00390625, 0.00390625, 0.00390625, 0.00390625, 0.00390625, 0.00390625, 0.00390625, 0.00390625, 0.00390625, 0.00390625, 0.00390625]
[-0.03125, -0.03125, -0.03125, -0.03125, -0.03125, -0.03125, -0.03125, -0.03125, -0.03125, -0.03125, -0.03125, -0.03125, -0.03125, -0.03125, -0.03125, -0.03125, -0.03125, -0.03125, -0.03125, -0.03125, -0.03125, -0.03125, -0.03125, -0.03125, -0.03125, -0.03125, -0.03125, -0.03125, -0.03125, -0.03125, -0.03125, -0.03125, -0.03125, -0.03125, -0.03125, -0.03125, -0.03125, -0.03125, -0.03125, -0.03125, -0.03125, -0.03125, -0.03125, -0.03125, -0.03125, -0.03125, -0.03125, -0.03125, -0.03125, -0.03125, -0.03125, -0.03125, -0.03125, -0.03125, -0.03125, -0.03125, -0.03125, -0.0546875, -0.03125, -0.03125, -0.03125, -0.03125, -0.03125, -0.03125, -0.03125, -0.03125, -0.03125, -0.03125, -0.03125, -0.03125, -0.03125, -0.03125, -0.03125, -0.03125, -0.03125, -0.03125, -0.03125, -0.03125, -0.03125, -0.03125, -0.03125, -0.03125, -0.03125, -0.03125, -0.03125, -0.03125, -0.03125, -0.03125, -0.03125, -0.0546875, -0.03125, -0.03125, -0.03125, -0.03125, -0.03125, -0.03125, -0.03125, -0.03125, -0.03125, -0.03125, -0.03125, -0.03125, -0.03125, -0.03125, -0.03125, -0.03125, -0.03125, -0.03125, -0.03125, -0.03125, -0.03125, -0.03125, -0.03125, -0.03125, -0.03125, -0.03125, -0.03125, -0.03125, -0.03125, -0.03125, -0.03125, -0.03125, -0.03125, -0.03125, -0.03125, -0.03125, -0.03125, -0.03125, -0.03125, -0.03125, -0.03125, -0.03125, -0.03125, -0.03125, -0.03125, -0.03125, -0.03125, -0.03125, -0.03125, -0.03125, -0.03125, -0.03125, -0.03125, -0.03125, -0.03125, -0.03125, -0.03125, -0.03125, -0.03125, -0.03125, -0.03125, -0.03125, -0.03125, -0.03125, -0.03125, -0.03125, -0.03125, -0.03125, -0.03125, -0.03125, -0.03125, -0.03125, -0.03125, -0.03125, -0.03125, -0.03125, -0.03125, -0.03125, -0.03125, -0.03125, -0.03125, -0.03125, -0.03125, -0.03125, -0.03125, -0.03125, -0.03125, -0.03125, -0.03125, -0.03125, -0.03125, -0.03125, -0.03125, -0.03125, -0.03125, -0.03125, -0.03125, -0.03125, -0.03125, -0.03125, -0.03125, -0.03125, -0.03125, -0.03125, -0.03125, -0.03125, -0.03125, -0.03125, -0.03125, -0.03125, -0.03125, -0.03125, -0.03125, -0.03125, -0.03125, -0.03125, -0.03125, -0.03125, -0.03125, -0.03125, -0.03125, -0.03125, -0.03125, -0.03125, -0.03125, -0.03125, -0.03125, -0.03125, -0.03125, -0.03125, -0.03125, -0.03125, -0.03125, -0.03125, -0.03125, -0.03125, -0.03125, -0.03125, -0.03125, -0.03125, -0.03125, -0.03125, -0.03125, -0.03125, -0.03125, -0.03125, -0.03125, -0.03125, -0.03125, -0.03125, -0.03125, -0.03125, -0.03125, -0.03125, -0.03125, -0.03125, -0.03125, -0.03125, -0.03125, -0.03125, -0.03125, -0.03125, -0.03125, -0.03125, -0.03125, -0.03125]
Counter({(2, 88): 2, (87, -58): 1, (-19, 67): 1, (-87, -27): 1, (-48, 114): 1, (-44, 15): 1, (-1, -34): 1, (-89, -82): 1, (26, 15): 1, (-11, 153): 1, (51, -129): 1, (-40, -161): 1, (82, -164): 1, (38, 5): 1, (11, 32): 1, (27, 101): 1, (2, -38): 1, (-66, -87): 1, (-85, 33): 1, (50, -75): 1, (-60, -83): 1, (-88, 98): 1, (80, 158): 1, (-41, -103): 1, (45, 65): 1, (-87, -47): 1, (17, -121): 1, (-72, 37): 1, (52, -80): 1, (54, -24): 1, (8, -160): 1, (-61, -116): 1, (-79, -50): 1, (38, 132): 1, (89, 29): 1, (15, 45): 1, (65, 138): 1, (52, -171): 1, (-37, 177): 1, (36, 64): 1, (25, -119): 1, (67, -41): 1, (-46, -11): 1, (-33, -56): 1, (50, 48): 1, (10, 87): 1, (-9, -130): 1, (-70, 154): 1, (32, 70): 1, (-70, -24): 1, (71, 69): 1, (-21, -100): 1, (-14, -8): 1, (55, -47): 1, (-40, 47): 1, (54, -122): 1, (-24, 80): 1, (15, 16): 1, (88, -81): 1, (-81, -164): 1, (-27, 58): 1, (55, 79): 1, (88, -68): 1, (47, 96): 1, (-50, -91): 1, (42, 61): 1, (-3, 106): 1, (3, -119): 1, (81, -6): 1, (40, -168): 1, (-24, -84): 1, (-27, 83): 1, (80, 28): 1, (-19, 61): 1, (26, -78): 1, (-4, 118): 1, (71, 5): 1, (-54, 156): 1, (12, 176): 1, (65, 56): 1, (-74, 114): 1, (-77, -81): 1, (7, -54): 1, (34, -37): 1, (11, 129): 1, (58, -80): 1, (32, -169): 1, (69, 91): 1, (26, 112): 1, (-6, -46): 1, (-35, -136): 1, (5, 13): 1, (-17, -1): 1, (50, -55): 1, (-54, -8): 1, (-32, 69): 1, (32, -149): 1, (-11, 131): 1, (81, -82): 1, (26, -110): 1, (-65, -45): 1, (-67, -61): 1, (44, -137): 1, (65, -11): 1, (-72, -138): 1, (38, 162): 1, (33, 172): 1, (-63, 21): 1, (-9, -104): 1, (-24, -77): 1, (-34, 52): 1, (-50, -51): 1, (3, 89): 1, (-78, 157): 1, (49, 9): 1, (-54, -165): 1, (56, -97): 1, (89, 77): 1, (-26, 123): 1, (-9, -90): 1, (72, -59): 1, (26, -129): 1, (70, 40): 1, (34, -17): 1, (-51, -150): 1, (47, 79): 1, (75, -23): 1, (84, -78): 1, (58, 8): 1, (2, -130): 1, (27, 107): 1, (-53, 46): 1, (-59, 167): 1, (-46, 89): 1, (-62, 8): 1, (-8, -91): 1, (75, 145): 1, (-83, -104): 1, (82, -174): 1, (31, 66): 1, (12, -78): 1, (37, -146): 1, (37, 169): 1, (-76, 142): 1, (4, 50): 1, (84, -153): 1, (-81, -159): 1, (16, 163): 1, (-84, 132): 1, (-74, 18): 1, (-15, -87): 1, (-39, 39): 1, (70, 104): 1, (45, -167): 1, (12, 25): 1, (-11, -31): 1, (18, 142): 1, (39, -82): 1, (-62, -35): 1, (16, -78): 1, (87, 177): 1, (54, -97): 1, (-85, -11): 1, (-67, 137): 1, (45, -4): 1, (33, 160): 1, (-12, 24): 1, (-49, -65): 1, (-51, -13): 1, (77, -159): 1, (28, 74): 1, (38, 138): 1, (86, 84): 1, (-75, 33): 1, (30, 94): 1, (45, -90): 1, (90, 11): 1, (3, -35): 1, (-21, -27): 1, (73, -93): 1, (-18, 136): 1, (-9, 61): 1, (79, -4): 1, (-47, 165): 1, (56, -169): 1, (32, 10): 1, (27, -73): 1, (85, -29): 1, (-55, 102): 1, (-24, 72): 1, (-51, 147): 1, (-47, -35): 1, (72, 70): 1, (41, 40): 1, (-3, 62): 1, (-19, -179): 1, (59, 149): 1, (47, -85): 1, (-75, 66): 1, (2, 89): 1, (33, -107): 1, (47, -123): 1, (-41, 5): 1, (48, 154): 1, (69, 23): 1, (51, -76): 1, (-50, 125): 1, (-11, 161): 1, (75, 165): 1, (54, 58): 1, (53, 143): 1, (-71, -136): 1, (-4, 6): 1, (11, 149): 1, (-25, 24): 1, (-28, 73): 1, (49, -42): 1, (-55, -58): 1, (73, -136): 1, (-88, 145): 1, (72, -10): 1, (23, 170): 1, (26, 52): 1, (3, -66): 1, (50, -48): 1, (20, -84): 1, (60, -161): 1, (-62, -77): 1, (-5, 71): 1, (-57, -143): 1, (-2, -49): 1, (-32, -112): 1, (-74, -56): 1, (-61, -86): 1, (15, -48): 1, (-70, 75): 1, (-73, -140): 1, (-72, -32): 1, (24, 161): 1, (7, -161): 1, (-15, -33): 1, (-64, -26): 1, (48, 26): 1, (-73, 176): 1, (66, 170): 1, (-88, 34): 1, (20, 147): 1, (23, 13): 1, (68, 24): 1, (66, 132): 1, (-50, -159): 1, (-78, -4): 1, (-63, 99): 1, (-69, 106): 1, (-60, 176): 1})
[(87, -58), (-19, 67), (-87, -27), (-48, 114), (-44, 15), (-1, -34), (-89, -82), (26, 15), (-11, 153), (51, -129), (-40, -161), (82, -164), (38, 5), (11, 32), (27, 101), (2, -38), (-66, -87), (-85, 33), (50, -75), (-60, -83), (-88, 98), (80, 158), (-41, -103), (45, 65), (-87, -47), (17, -121), (-72, 37), (52, -80), (54, -24), (8, -160), (-61, -116), (-79, -50), (38, 132), (89, 29), (15, 45), (65, 138), (52, -171), (-37, 177), (36, 64), (25, -119), (67, -41), (-46, -11), (-33, -56), (50, 48), (10, 87), (-9, -130), (-70, 154), (32, 70), (-70, -24), (71, 69), (-21, -100), (-14, -8), (55, -47), (-40, 47), (54, -122), (-24, 80), (15, 16), (2, 88), (88, -81), (-81, -164), (-27, 58), (55, 79), (88, -68), (47, 96), (-50, -91), (42, 61), (-3, 106), (3, -119), (81, -6), (40, -168), (-24, -84), (-27, 83), (80, 28), (-19, 61), (26, -78), (-4, 118), (71, 5), (-54, 156), (12, 176), (65, 56), (-74, 114), (-77, -81), (7, -54), (34, -37), (11, 129), (58, -80), (32, -169), (69, 91), (26, 112), (2, 88), (-6, -46), (-35, -136), (5, 13), (-17, -1), (50, -55), (-54, -8), (-32, 69), (32, -149), (-11, 131), (81, -82), (26, -110), (-65, -45), (-67, -61), (44, -137), (65, -11), (-72, -138), (38, 162), (33, 172), (-63, 21), (-9, -104), (-24, -77), (-34, 52), (-50, -51), (3, 89), (-78, 157), (49, 9), (-54, -165), (56, -97), (89, 77), (-26, 123), (-9, -90), (72, -59), (26, -129), (70, 40), (34, -17), (-51, -150), (47, 79), (75, -23), (84, -78), (58, 8), (2, -130), (27, 107), (-53, 46), (-59, 167), (-46, 89), (-62, 8), (-8, -91), (75, 145), (-83, -104), (82, -174), (31, 66), (12, -78), (37, -146), (37, 169), (-76, 142), (4, 50), (84, -153), (-81, -159), (16, 163), (-84, 132), (-74, 18), (-15, -87), (-39, 39), (70, 104), (45, -167), (12, 25), (-11, -31), (18, 142), (39, -82), (-62, -35), (16, -78), (87, 177), (54, -97), (-85, -11), (-67, 137), (45, -4), (33, 160), (-12, 24), (-49, -65), (-51, -13), (77, -159), (28, 74), (38, 138), (86, 84), (-75, 33), (30, 94), (45, -90), (90, 11), (3, -35), (-21, -27), (73, -93), (-18, 136), (-9, 61), (79, -4), (-47, 165), (56, -169), (32, 10), (27, -73), (85, -29), (-55, 102), (-24, 72), (-51, 147), (-47, -35), (72, 70), (41, 40), (-3, 62), (-19, -179), (59, 149), (47, -85), (-75, 66), (2, 89), (33, -107), (47, -123), (-41, 5), (48, 154), (69, 23), (51, -76), (-50, 125), (-11, 161), (75, 165), (54, 58), (53, 143), (-71, -136), (-4, 6), (11, 149), (-25, 24), (-28, 73), (49, -42), (-55, -58), (73, -136), (-88, 145), (72, -10), (23, 170), (26, 52), (3, -66), (50, -48), (20, -84), (60, -161), (-62, -77), (-5, 71), (-57, -143), (-2, -49), (-32, -112), (-74, -56), (-61, -86), (15, -48), (-70, 75), (-73, -140), (-72, -32), (24, 161), (7, -161), (-15, -33), (-64, -26), (48, 26), (-73, 176), (66, 170), (-88, 34), (20, 147), (23, 13), (68, 24), (66, 132), (-50, -159), (-78, -4), (-63, 99), (-69, 106), (-60, 176)]
['C8V42222+22', '5JH92222+22', '295M2222+22', '4P4P2222+22', '4F8Q2222+22', '69F82222+22', '263W2222+22', '7FRQ2222+22', '5RXM2222+22', '943H2222+22', '42GX2222+22', 'C2JR2222+22', '8FC72222+22', '7G3J2222+22', '7PV32222+22', '69J42222+22', '366M2222+22', '2G7M2222+22', '97272222+22', '36GV2222+22', '2M4W2222+22', 'CRGW2222+22', '45FV2222+22', '8JQ72222+22', '285M2222+22', '749X2222+22', '2GWV2222+22', '97422222+22', '996R2222+22', '63W22222+22', '35F62222+22', '28HG2222+22', '8QCJ2222+22', 'CGXF2222+22', '7H772222+22', '9QQW2222+22', '924F2222+22', '4VMV2222+22', '8J862222+22', '75Q32222+22', '98VX2222+22', '4C6F2222+22', '48V62222+22', '9H2C2222+22', '7M292222+22', '643G2222+22', '3R2P2222+22', '8J4G2222+22', '392R2222+22', 'CJ3F2222+22', '56F22222+22', '5CRJ2222+22', '987M2222+22', '4HG92222+22', '946W2222+22', '5M822222+22', '7F7R2222+22', '6MJC2222+22', 'C6WX2222+22', '22FR2222+22', '5H5W2222+22', '9J7X2222+22', 'C7WJ2222+22', '8MVR2222+22', '462F2222+22', '8JJ32222+22', '6P982222+22', '65M32222+22', 'CCHP2222+22', '82GJ2222+22', '568R2222+22', '5M552222+22', 'CGGC2222+22', '5JH32222+22', '77R42222+22', '6P8W2222+22', 'CF372222+22', '3RRR2222+22', '7V4R2222+22', '9HQR2222+22', '2PRP2222+22', '26MX2222+22', '68V82222+22', '89652222+22', '7Q3F2222+22', '97C22222+22', '824H2222+22', '9MXH2222+22', '7PRJ2222+22', '6MJC2222+22', '686P2222+22', '44Q62222+22', '6FQM2222+22', '5CMX2222+22', '98272222+22', '3CRJ2222+22', '4JWF2222+22', '834H2222+22', '5QXH2222+22', 'C6HW2222+22', '75RG2222+22', '387Q2222+22', '375X2222+22', '84P52222+22', '9CQF2222+22', '24W42222+22', '8VC42222+22', '8V5J2222+22', '3G932222+22', '653R2222+22', '57852222+22', '4HRJ2222+22', '482F2222+22', '6MMF2222+22', '2RJV2222+22', '8FXF2222+22', '32RQ2222+22', '96852222+22', 'CJXV2222+22', '5Q652222+22', '663G2222+22', 'C8432222+22', '74RH2222+22', 'CH222222+22', '8C652222+22', '33XG2222+22', '8JVX2222+22', 'C97V2222+22', 'C7P42222+22', '9FCC2222+22', '64JG2222+22', '7PV92222+22', '3HV82222+22', '3VH92222+22', '4M6F2222+22', '3FCC2222+22', '664F2222+22', 'CR772222+22', '259R2222+22', 'C2J82222+22', '8J382222+22', '77442222+22', '839P2222+22', '8V9F2222+22', '2RP42222+22', '6HPG2222+22', 'C3P92222+22', '23F32222+22', '7V852222+22', '2Q8J2222+22', '2FRW2222+22', '56QM2222+22', '4GHX2222+22', 'CP262222+22', '82QM2222+22', '7G472222+22', '59XF2222+22', '7RC42222+22', '86FW2222+22', '39C72222+22', '77842222+22', 'CVVV2222+22', '96652222+22', '2C7F2222+22', '3Q5V2222+22', '8CQR2222+22', '8V522222+22', '5GW62222+22', '473Q2222+22', '3CX92222+22', 'C3932222+22', '7JWP2222+22', '8QCW2222+22', 'CMR62222+22', '2GQM2222+22', '8M2P2222+22', '86QG2222+22', 'CFXHX2X2+X2', '69M72222+22', '59FM2222+22', 'C6592222+22', '5QJR2222+22', '6J332222+22', 'CCFR2222+22', '4V572222+22', '928H2222+22', '8F4G2222+22', '77V92222+22', 'C9QH2222+22', '3PQ42222+22', '5J8J2222+22', '3RX92222+22', '49572222+22', 'CJ4G2222+22', '8HH22222+22', '6J942222+22', '52H32222+22', '9RFF2222+22', '86VQ2222+22', '2JQ82222+22', '6MJF2222+22', '855M2222+22', '84VV2222+22', '4FF72222+22', '8RWP2222+22', '9GX52222+22', '97362222+22', '4Q272222+22', '5VX32222+22', 'CV772222+22', '9H6W2222+22', '9R552222+22', '24X62222+22', '6F882222+22', '7R3F2222+22', '5G762222+22', '5J4M2222+22', '88XW2222+22', '38Q42222+22', 'C4562222+22', '2R472222+22+22', 'CC4G2222+22', '7VMG2222+22', '7HRJ2222+22', '67MP2222+22', '982J2222+22', '76GR2222+22', '92GX2222+22', '37C52222+22', '6J7H2222+22', '33MV2222+22', '68CH2222+22', '45WC2222+22', '28R62222+22', '36FP2222+22', '787J2222+22', '3J2Q2222+22', '24V22222+22', '29WC2222+22', '7VP32222+22', '62VX2222+22', '59Q92222+22', '398P2222+22', '8GW82222+22', '2VVR2222+22', '9VRG2222+22', '2G4P2222+22', '7RG92222+22', '7FMM2222+22', '9GW62222+22', '9QRJ2222+22', '43232222+22', '2CJR2222+22', '3M9X2222+22', '3P382222+22', '3VGR2222+22']
8.046875
8.046875
255